type      = 1 # LINEAR_RAS_TO_RAS
nxforms   = 1
mean      = 0.0000 0.0000 0.0000
sigma     = 1.0000
1 4 4
1.279075145721436e+00 -1.137101948261261e-01 4.849103093147278e-02 1.274923610687256e+01 
1.591123342514038e-01 1.366505742073059e+00 1.256251782178879e-01 -7.897293090820312e+01 
-4.460561275482178e-02 -3.768831863999367e-02 1.351056575775146e+00 -5.815982055664062e+01 
0.000000000000000e+00 0.000000000000000e+00 0.000000000000000e+00 1.000000000000000e+00 
src volume info
valid = 1  # volume info valid
filename = /tmp/sub-150737/work/mprage.nu.conf.masked.nii.gz
volume = 256 256 256
voxelsize = 1.000000000000000e+00 1.000000000000000e+00 1.000000000000000e+00
xras   = -9.977476000785828e-01 0.000000000000000e+00 -6.708007305860519e-02
yras   = 6.708008050918579e-02 0.000000000000000e+00 -9.977476000785828e-01
zras   = 0.000000000000000e+00 1.000000000000000e+00 0.000000000000000e+00
cras   = -9.336746215820312e+00 4.486930847167969e+01 4.550727844238281e+01
dst volume info
valid = 1  # volume info valid
filename = ./mni305.cor.nii.gz
volume = 256 256 256
voxelsize = 1.000000000000000e+00 1.000000000000000e+00 1.000000000000000e+00
xras   = -1.000000000000000e+00 0.000000000000000e+00 0.000000000000000e+00
yras   = 0.000000000000000e+00 0.000000000000000e+00 -1.000000000000000e+00
zras   = 0.000000000000000e+00 1.000000000000000e+00 0.000000000000000e+00
cras   = 0.000000000000000e+00 0.000000000000000e+00 0.000000000000000e+00
fscale 0.100000
