type      = 1 # LINEAR_RAS_TO_RAS
nxforms   = 1
mean      = 0.0000 0.0000 0.0000
sigma     = 1.0000
1 4 4
7.150977253913879e-01 -4.916737601161003e-02 1.985660195350647e-02 2.122726678848267e+00 
5.270595848560333e-02 7.177042365074158e-01 -1.061191186308861e-01 -1.412356662750244e+01 
-1.803279854357243e-02 1.423125565052032e-01 7.115354537963867e-01 -2.226628303527832e+01 
0.000000000000000e+00 0.000000000000000e+00 0.000000000000000e+00 1.000000000000000e+00 
src volume info
valid = 1  # volume info valid
filename = mri/norm.nii.gz
volume = 256 256 256
voxelsize = 1.000000000000000e+00 1.000000000000000e+00 1.000000000000000e+00
xras   = -9.977476000785828e-01 0.000000000000000e+00 -6.708007305860519e-02
yras   = 6.708008050918579e-02 0.000000000000000e+00 -9.977476000785828e-01
zras   = 0.000000000000000e+00 1.000000000000000e+00 0.000000000000000e+00
cras   = -9.336746215820312e+00 4.486930847167969e+01 4.550727844238281e+01
dst volume info
valid = 1  # volume info valid
filename = /opt/freesurfer-dev/average/all_c_robtemplate_affine_mean.05.01.2018.nii.gz
volume = 256 256 256
voxelsize = 1.000000000000000e+00 1.000000000000000e+00 1.000000000000000e+00
xras   = -1.000000000000000e+00 0.000000000000000e+00 0.000000000000000e+00
yras   = 0.000000000000000e+00 0.000000000000000e+00 -1.000000000000000e+00
zras   = 0.000000000000000e+00 1.000000000000000e+00 0.000000000000000e+00
cras   = -5.228569030761719e+00 7.529075622558594e+00 1.902970886230469e+01
fscale 0.100000
