type      = 1 # LINEAR_RAS_TO_RAS
nxforms   = 1
mean      = 0.0000 0.0000 0.0000
sigma     = 1.0000
1 4 4
1.212488532066345e+00 2.147402018308640e-01 1.957930624485016e-01 3.662680983543396e-01 
-2.536652684211731e-01 1.339841485023499e+00 2.807445228099823e-01 -6.193048858642578e+01 
-1.547705680131912e-01 -2.276496142148972e-01 1.265776515007019e+00 -1.787471389770508e+01 
0.000000000000000e+00 0.000000000000000e+00 0.000000000000000e+00 9.999999403953552e-01 
src volume info
valid = 1  # volume info valid
filename = /tmp/sub-140989/work/mprage.nu.conf.masked.nii.gz
volume = 256 256 256
voxelsize = 1.000000000000000e+00 1.000000000000000e+00 1.000000000000000e+00
xras   = -9.908687472343445e-01 -1.180749759078026e-01 -6.509557366371155e-02
yras   = 6.558433920145035e-02 -2.544624730944633e-04 -9.978470206260681e-01
zras   = -1.178010106086731e-01 9.930050373077393e-01 -7.995800115168095e-03
cras   = -5.713806152343750e+00 2.430677795410156e+01 1.768463134765625e+01
dst volume info
valid = 1  # volume info valid
filename = ./mni305.cor.nii.gz
volume = 256 256 256
voxelsize = 1.000000000000000e+00 1.000000000000000e+00 1.000000000000000e+00
xras   = -1.000000000000000e+00 0.000000000000000e+00 0.000000000000000e+00
yras   = 0.000000000000000e+00 0.000000000000000e+00 -1.000000000000000e+00
zras   = 0.000000000000000e+00 1.000000000000000e+00 0.000000000000000e+00
cras   = 0.000000000000000e+00 0.000000000000000e+00 0.000000000000000e+00
fscale 0.100000
