type      = 1 # LINEAR_RAS_TO_RAS
nxforms   = 1
mean      = 0.0000 0.0000 0.0000
sigma     = 1.0000
1 4 4
7.050414085388184e-01 1.480654627084732e-01 8.186095207929611e-02 -4.913096427917480e+00 
-1.484910547733307e-01 7.540528178215027e-01 -2.850041911005974e-02 -1.036311244964600e+01 
-7.930313795804977e-02 4.692028090357780e-02 7.349188327789307e-01 -4.726276397705078e-01 
0.000000000000000e+00 0.000000000000000e+00 0.000000000000000e+00 1.000000000000000e+00 
src volume info
valid = 1  # volume info valid
filename = mri/norm.nii.gz
volume = 256 256 256
voxelsize = 1.000000000000000e+00 1.000000000000000e+00 1.000000000000000e+00
xras   = -9.908687472343445e-01 -1.180749759078026e-01 -6.509557366371155e-02
yras   = 6.558433920145035e-02 -2.544624730944633e-04 -9.978470206260681e-01
zras   = -1.178010106086731e-01 9.930050373077393e-01 -7.995800115168095e-03
cras   = -5.713806152343750e+00 2.430677795410156e+01 1.768463134765625e+01
dst volume info
valid = 1  # volume info valid
filename = /opt/freesurfer-dev/average/all_c_robtemplate_affine_mean.05.01.2018.nii.gz
volume = 256 256 256
voxelsize = 1.000000000000000e+00 1.000000000000000e+00 1.000000000000000e+00
xras   = -1.000000000000000e+00 0.000000000000000e+00 0.000000000000000e+00
yras   = 0.000000000000000e+00 0.000000000000000e+00 -1.000000000000000e+00
zras   = 0.000000000000000e+00 1.000000000000000e+00 0.000000000000000e+00
cras   = -5.228569030761719e+00 7.529075622558594e+00 1.902970886230469e+01
fscale 0.100000
